00192
00192
00192
00192
00192
00192
00192
00001
00001
00001
00001
00001
00001
00001
00001
00001
00505
00505
00505
00505
00505
00505
00505
00004
00004
00004
00004
00004
00004
00004
00004
00004
00004
00004
00004
00004
00002
00002
00002
00002
00002
00002
00002
00002
00002
00002
00002
00002
00394
00394
00394
00394
00394
00394
00394
00394
00394
00394
00003
00003
00003
00003
00003
00003
00003
00003
00515
00515
00515
00515
00515
00515
unknown
unknown
unknown
unknown
unknown
unknown
unknown
unknown
00521
00521
00521
00521
00521
00521
